1
b
1.5 6.8 1.5 5.1 2.2 6.0
0 0 0

1
b
2.5 6.0 3.1 5.1 3.1 6.8
0 0 0

1
b
2.4 5.7 1.7 5.0 2.4 4.3
0 0 0

1
b
2.4 5.7 2.4 4.3 3.1 5.0
0 0 0

1
b
1.7 4.6 1.7 2.8 3.6 2.8
0 0 0

1
b
1.7 2.6 2.7 1.7 3.6 2.6
0 0 0

1
b
3.8 2.3 2.0 0.7 3.8 0.7
0 0 0

1
b
5.0 1.7 4.1 1.0 5.0 1.0
0 0 0

1
b
5.0 1.7 5.0 1.0 6.0 1.7
0 0 0

2
9 0 1 2 3 4 5 6 7 8 
a

2
9 0 1 2 3 4 5 6 7 8 
t
5.5 0

2
9 9 10 11 12 13 14 15 16 17
s
1.2

2
9 9 10 11 12 13 14 15 16 17
t
-1.5 2

2
18 0 1 2 3 4 5 6 7 8 9 10 11 12 13 14 15 16 17
a

2
18 0 1 2 3 4 5 6 7 8 9 10 11 12 13 14 15 16 17
d

x
my_polygons_2
